0 -0.00154405
0.127333 -0.00384681
0.254667 -0.00240813
0.382 0.00137019
0.509333 0.00172618
0.636667 0.00279587
0.764 0.00182507
0.891333 0.000166719
1.01867 -0.000736577
1.146 0.0152162
1.27333 1.49735
1.40067 1.84146
1.528 1.15839
1.65533 0.868708999999999
1.78267 0.996473999999999
1.91 0.97927
2.03733 0.910987
2.16467 0.907497
2.292 0.900818
2.41933 0.871235
2.54667 0.855113
2.674 0.845935000000001
2.80133 0.822436
2.92867 0.807819
3.056 0.784343
3.18333 0.765211999999999
3.31067 0.751396
3.438 0.735888
3.56533 0.719852
3.69267 0.70025
3.82 0.680116
3.94733 0.68761
4.07467 0.668992
4.202 0.668546
4.32933 0.670437
4.45667 0.657865
4.584 0.649401
4.71133 0.650826
4.83867 0.637717
4.966 0.630021
5.09333 0.609521
5.22067 0.611373
5.348 0.611101
5.47533 0.601223
5.60267 0.608299
5.73 0.591632
5.85733 0.585317
5.98467 0.577956
6.112 0.588166
6.23933 0.580458
6.36667 0.573124
6.494 0.547915
6.62133 0.541065
6.74867 0.544951
6.876 0.550135
7.00333 0.539182
7.13067 0.53755
7.258 0.535452
7.38533 0.527853
7.51267000000001 0.524624
7.63999999999999 0.518986
7.76732999999999 0.514684
7.89467 0.507305
8.022 0.507937
8.14933 0.506152
8.27667 0.501059
8.404 0.501721
8.53133 0.502185
8.65867 0.500319
8.786 0.495808
8.91333 0.494008
9.04067 0.492166
9.168 0.488696
9.29533 0.48465
9.42267 0.491239
9.55000000000001 0.485197
9.67733 0.473673
9.80466999999999 0.475061
9.932 0.472946
10.0593 0.47456
10.1867 0.47147
10.314 0.470709
10.4413 0.471702
10.5687 0.473727
10.696 0.475746
10.8233 0.473724
10.9507 0.470131
11.078 0.460764
11.2053 0.464912
11.3327 0.46239
11.46 0.456927
11.5873 0.459342
11.7147 0.45946
11.842 0.458268
11.9693 0.453248
12.0967 0.45184
12.224 0.44807
12.3513 0.448529
12.4787 0.449094
12.606 0.445071
12.7333 0.448152
12.8607 0.44475
12.988 0.444344
13.1153 0.44272
13.2427 0.441109
13.37 0.445902
13.4973 0.437143
13.6247 0.435797
13.752 0.436308
13.8793 0.436411
14.0067 0.435552
14.134 0.437232
14.2613 0.434992
14.3887 0.43569
14.516 0.4362
14.6433 0.434256
14.7707 0.435575
14.898 0.428599
15.0253 0.428556
15.1527 0.43109
15.28 0.426937
15.4073 0.42548
15.5347 0.424729
15.662 0.422765
15.7893 0.420899
15.9167 0.420432
16.044 0.422641
16.1713 0.417165
16.2987 0.421006
16.426 0.421397
16.5533 0.418217
16.6807 0.416271
16.808 0.415624
16.9353 0.410728
17.0627 0.410321
17.19 0.406878
17.3173 0.4123
17.4447 0.413658
17.572 0.414614
17.6993 0.404931
17.8267 0.407849
17.954 0.404724
18.0813 0.39955
18.2087 0.406117
18.336 0.401977
18.4633 0.397987
18.5907 0.40693
18.718 0.404973
18.8453 0.403626
18.9727 0.407928
19.1 0.4045
19.2273 0.40245
19.3547 0.405901
19.482 0.404225
19.6093 0.407471
19.7367 0.404482
19.864 0.395472
19.9913 0.397457
20.1187 0.399345
20.246 0.393256
